11
	0	1	2	3	4	5	7	9	10	11	12	14	15	16	18	19	20	eyeL_x	eyeL_y	eyeL_z	eyeR_x	eyeR_y	eyeR_z
original 0	0	0	0	0	0	0	0	0	0	0	0	0	0	0	0	0	0	0	0	0	0	0	0	
H_Han	13.1175	10.4868	13.5756	10.5108	20.3184	17.0534	15.963	13.531	9.66949	20.7028	17.2693	6.70427	29.4352	28.131	6.04554	29.4035	28.4269	1.47465	-6.2295	-8.43884	-2.34453	-5.86378	-8.68009	
H_Han2	15.3084	12.2384	15.843	12.2663	23.7121	19.9018	18.6291	15.791	11.2845	24.1607	20.1537	7.82403	34.3515	32.8294	7.05528	34.3145	33.1748	1.72095	-7.26997	-9.84832	-2.73612	-6.84316	-10.1299	
H_Han3	16.0666	12.8444	16.6276	12.8738	24.8864	20.8873	19.5517	16.573	11.8433	25.3572	21.1517	8.2115	36.0527	34.4552	7.40467	36.0139	34.8177	1.80618	-7.63	-10.336	-2.87162	-7.18205	-10.6315	
H_Han4	0	0	0	0	0	0	0	0	0	0	0	0	0	0	0	0	0	0	0	0	0	0	0	
H_Han5	0	0	0	0	0	0	0	0	0	0	0	0	0	0	0	0	0	0	0	0	0	0	0	
H_Han6	0	0	0	0	0	0	0	0	0	0	0	0	0	0	0	0	0	0	0	0	0	0	0	
S_Moon	17.8016	14.2316	18.4233	14.2641	27.5739	23.143	21.6632	18.3628	13.1224	28.0956	23.436	9.0983	39.9462	38.1762	8.20433	39.9032	38.5778	2.00123	-8.45399	-11.4523	-3.18174	-7.95767	-11.7796	
H_Han0	0	0	0	0	0	0	0	0	0	0	0	0	0	0	0	0	0	0	0	0	0	0	0	
H_Han1	0	0	0	0	0	0	0	0	0	0	0	0	0	0	0	0	0	0	0	0	0	0	0	
H_Han7	0	0	0	0	0	0	0	0	0	0	0	0	0	0	0	0	0	0	0	0	0	0	
